OCHS      
 a b c d e  F1F2F3
 0 0 0 0 0   1 1 1
 0 0 0 0 1   1 1 0
 0 0 0 1 0   1 1 0
 0 0 0 1 1   1 0 0
 0 0 1 0 0   0 0 1
 0 0 1 0 1   1 1 1
 0 0 1 1 0   0 0 0
 0 0 1 1 1   0 0 1
 0 1 0 0 0   1 1 0
 0 1 0 0 1   1 0 0
 0 1 0 1 0   1 0 0
 0 1 0 1 1   1 0 1
 0 1 1 0 0   1 1 1
 0 1 1 0 1   1 1 0
 0 1 1 1 0   0 0 1
 0 1 1 1 1   1 1 1
 1 0 0 0 0   0 0 1
 1 0 0 0 1   1 1 1
 1 0 0 1 0   1 1 1
 1 0 0 1 1   1 1 0
 1 0 1 0 0   0 0 0
 1 0 1 0 1   0 0 1
 1 0 1 1 0   0 1 0
 1 0 1 1 1   0 0 0
 1 1 0 0 0   0 0 0
 1 1 0 0 1   0 0 1
 1 1 0 1 0   0 0 1
 1 1 0 1 1   1 1 1
 1 1 1 0 0   0 1 0
 1 1 1 0 1   0 0 0
 1 1 1 1 0   0 1 1
 1 1 1 1 1   0 1 0